2 47 47 14 1 3 Fret
2 69 47 14 1 3 Fret
2 91 47 14 1 3 Fret
2 113 47 14 1 3 Fret
2 135 47 14 1 3 Fret
2 157 47 14 1 3 Fret
53 28 14 14 0 0 Muting
68 28 14 14 0 0 Muting
83 28 14 14 0 0 Muting
98 28 14 14 0 0 Muting
113 28 14 14 0 0 Muting
128 28 14 14 0 0 Muting
51 45 14 18 1 1 Finger
67 45 14 18 1 1 Finger
83 45 14 18 1 1 Finger
99 45 14 18 1 1 Finger
115 45 14 18 1 1 Finger
131 45 14 18 1 1 Finger
51 67 14 18 1 1 Finger
67 67 14 18 1 1 Finger
83 67 14 18 1 1 Finger
99 67 14 18 1 1 Finger
115 67 14 18 1 1 Finger
131 67 14 18 1 1 Finger
51 89 14 18 1 1 Finger
67 89 14 18 1 1 Finger
83 89 14 18 1 1 Finger
99 89 14 18 1 1 Finger
115 89 14 18 1 1 Finger
131 89 14 18 1 1 Finger
51 111 14 18 1 1 Finger
67 111 14 18 1 1 Finger
83 111 14 18 1 1 Finger
99 111 14 18 1 1 Finger
115 111 14 18 1 1 Finger
131 111 14 18 1 1 Finger
51 133 14 18 1 1 Finger
67 133 14 18 1 1 Finger
83 133 14 18 1 1 Finger
99 133 14 18 1 1 Finger
115 133 14 18 1 1 Finger
131 133 14 18 1 1 Finger
51 155 14 18 1 1 Finger
67 155 14 18 1 1 Finger
83 155 14 18 1 1 Finger
99 155 14 18 1 1 Finger
115 155 14 18 1 1 Finger
131 155 14 18 1 1 Finger